Random BST size vs. height (Insertion)
---------------------------------------
100     12
200     16
299     17
397     18
497     19
595     20
692     20
790     20
888     21
987     21
1083    21
1180    22
1272    22
1364    23
1456    23
1552    23
1645    23
1740    23
1834    23
1931    23
2024    24
2119    24
2212    24
2303    24
2395    24
2491    24
2584    24
2682    24
2772    24
2868    24
2956    24
3049    24
3140    24
3230    24
3318    24
3408    25
3498    25
3584    25
3672    25
3759    25
3849    25
3938    25
4029    25
4116    25
4200    25
4287    25
4376    25
4461    25
4545    25
4639    26
4725    27
4810    27
4894    27
4980    28
5062    28
5147    28
5235    28
5312    28
5391    28
5478    28
5563    28
5636    28
5717    28
5799    28
5881    28
5957    28
6036    28
6115    28
6191    28
6277    28
6357    28
6440    28
6523    28
6600    28
6679    28
6764    28
6840    28
6918    28
6997    28
7080    28
7158    28
7235    28
7311    28
7387    28
7466    28
7545    28
7615    28
7699    28
7767    28
7849    29
7931    29
8002    29
8079    29
8161    29
8241    29
8315    29
8392    29
8469    29
8544    30
8624    30

Random BST size vs. height (Deletion)
---------------------------------------
8524    30
8425    30
8326    30
8228    30
8128    30
8034    30
7936    30
7839    30
7740    30
7643    30
7545    30
7445    30
7348    30
7252    30
7156    30
7057    30
6960    29
6863    29
6766    29
6673    29
6573    29
6476    29
6387    29
6290    29
6196    29
6106    29
6013    29
5917    29
5827    29
5738    29
5645    28
5553    28
5466    28
5377    28
5297    28
5209    27
5120    27
5032    27
4943    27
4855    27
4764    27
4679    27
4594    27
4504    27
4420    27
4334    27
4251    27
4154    27
4068    27
3985    27
3891    27
3801    27
3720    27
3634    27
3549    27
3461    27
3377    27
3293    27
3212    26
3129    26
3042    26
2956    26
2874    26
2785    25
2706    25
2630    25
2552    25
2471    23
2390    23
2302    23
2225    23
2148    23
2070    23
1984    23
1912    23
1839    23
1758    22
1683    22
1602    22
1525    22
1443    22
1362    22
1283    22
1198    22
1115    22
1038    22
960     21
882     21
811     21
732     21
657     20
580     20
504     20
434     20
362     19
289     17
214     16
138     13
72      12
0       0